#Canon
c300_HD_mode 24.58 13.82625 1920 1080
c500_HD_mode 24.58 13.82625 1920 1080
c501_2k_Mode(16:9) 24.58 13.82625 1920 1080
c502_2k_Mode(17:9) 26.21 13.82167969 2048 1080
c503_4k_mode 24.58 13.82625 3840 2160
c504_4k_mode 26.21 13.82167969 4096 2160
#Sony
EX1_1/2_inch 6.97 3.920625 1920 1080
Ex3_1/2_inch 6.97 3.920625 1920 1080
FS100_HD_mode 23.62 13.28625 1920 1080
FS700_HD_mode 23.62 13.28625 1920 1080
F3_HD_mode 23.62 13.28625 1920 1080
F5_HD_mode 22.6 12.7125 1920 1080
F55_4k_mode 22.6 11.91796875 4096 2160
F65_4k_mode 22.6 11.91796875 4096 2160
F66_16:9_mode 23.3 13.10625 1920 1080
PMW_2/3_inch 9.59 5.394375 1920 1080
F950_2/3_inch 9.59 5.394375 1920 1080
F900_2/3_inch 9.59 5.394375 1920 1080
#Red
Scarlet_5K_WS_Mysterium-X 27.65 11.66 5120 2160
Scarlet_5K_HD_Mysterium-X 25.92 14.58 4800 2700
Scarlet_5K_FF_Mysterium-X 27.65 14.58 5120 2700
Scarlet_5K_2:1_Mysterium-X 27.65 13.82 5120 2560
Scarlet_5K_1.22:1_Mysterium-X 17.8 14.58 3300 2700
Scarlet_4K_WS_Mysterium-X 22.12 9.22 4096 1708
Scarlet_4K_HD_Mysterium-X 20.74 11.66 3840 2160
Scarlet_4K_FF_Mysterium-X 22.12 11.66 4096 2160
Scarlet_3K_WS_Mysterium-X 16.59 6.93 3072 1284
Scarlet_3K_HD_Mysterium-X 15.55 8.75 2880 1620
Scarlet_3K_FF_Mysterium-X 16.59 8.75 3072 1620
Scarlet_2K_WS_Mysterium-X 11.06 4.61 2048 854
Scarlet_2K_HD_Mysterium-X 10.37 5.83 1920 1080
Scarlet_2K_FF_Mysterium-X 11.06 5.83 2048 1080
Scarlet_1K_WS_Mysterium-X 6.91 2.59 1280 480
Scarlet_1K_HD_Mysterium-X 6.91 3.89 1280 720
Scarlet_6K_Dragon 33.18 17.07 6144 3160
Scarlet_6K_3:2_Dragon 25.66265625 17.07 4752 3160
Scarlet_6K_6:5_Dragon 20.47828125 17.06523438 3792 3160
Scarlet_5K_Dragon 27.65 14.58 5120 2700
Scarlet_5K_2:1_Dragon 27.65 13.82 5120 2560
Scarlet_5K_WS_Dragon 27.65 11.66 5120 2160
Scarlet_5K_HD_Dragon 25.92 14.58 4800 2700
Scarlet_5K_6:5_Dragon 17.49726563 14.58105469 3240 2700
Scarlet_4K_Dragon 22.12 11.66 4096 2160
Scarlet_4K_2:1_Dragon 22.12 11.06 4096 2048
Scarlet_4K_WS_Dragon 22.12 9.331875 4096 1728
Scarlet_4K_HD_Dragon 20.7375 11.66484375 3840 2160
Scarlet_4K_6:5_Dragon 13.9978125 11.66484375 2592 2160
Scarlet_3K_Dragon 16.59 8.748632813 3072 1620
Scarlet_3K_2:1_Dragon 16.59 8.295 3072 1536
Scarlet_3K_WS_Dragon 16.59 6.99890625 3072 1296
Scarlet_3K_HD_Dragon 15.553125 8.748632813 2880 1620
Scarlet_3K_6:5_Dragon 10.49835938 8.748632813 1944 1620
Scarlet_2K_Dragon 11.06 5.919127849 2048 1080
Scarlet_2K_2:1_Dragon 11.06 5.53 2048 1024
Scarlet_2K_WS_Dragon 11.06 4.6659375 2048 864
Scarlet_2K_HD_Dragon 10.36875 5.832421875 1920 1080
Scarlet_2K_6:5_Dragon 6.99890625 5.832421875 1296 1080
EPIC_5K_WS_Mysterium-X 27.65 11.66 5120 2160
EPIC_5K_HD_Mysterium-X 25.92 14.58 4800 2700
EPIC_5K_FF_Mysterium-X 27.65 14.58 5120 2700
EPIC_5K_2:1_Mysterium-X 27.65 13.82 5120 2560
EPIC_5K_1.22:1_Mysterium-X 17.8 14.58 3300 2700
EPIC_4K_WS_Mysterium-X 22.12 9.22 4096 1708
EPIC_4K_HD_Mysterium-X 20.74 11.66 3840 2160
EPIC_4K_FF_Mysterium-X 22.12 11.66 4096 2160
EPIC_3K_WS_Mysterium-X 16.59 6.93 3072 1284
EPIC_3K_HD_Mysterium-X 15.55 8.75 2880 1620
EPIC_3K_FF_Mysterium-X 16.59 8.75 3072 1620
EPIC_2K_WS_Mysterium-X 11.06 4.61 2048 854
EPIC_2K_HD_Mysterium-X 10.37 5.83 1920 1080
EPIC_2K_FF_Mysterium-X 11.06 5.83 2048 1080
EPIC_1K_WS_Mysterium-X 6.91 2.59 1280 480
EPIC_1K_HD_Mysterium-X 6.91 3.89 1280 720
EPIC_6K_Dragon 33.18 17.07 6144 3160
EPIC_6K_2:1_Dragon 33.18 16.59 6144 3072
EPIC_6k_WS_Dragon 33.18 13.9978125 6144 2592
EPIC_6K_HD_Dragon 30.069375 16.91402344 5568 3132
EPIC_6K_6:5_Dragon 20.13805664 16.78171387 3792 3160
EPIC_6K_3:2_Dragon 25.66265625 17.1084375 4752 3160
EPIC_6K_4:1_Dragon 33.18 8.295 6144 1536
EPIC_6K_8:1_Dragon 33.18 4.1475 6144 768
EPIC_5.5K_Dragon 30.415 15.92035156 5632 2948
EPIC_5.5K_2:1_Dragon 30.415 15.2075 5632 2816
EPIC_5.5K_WS_Dragon 30.415 12.83132813 5632 2376
EPIC_5.5K_HD_Dragon 29.0325 16.33078125 5376 3024
EPIC_5.5K_4:1_Dragon 30.415 7.60375 5632 1408
EPIC_5.5K_8:1_Dragon 30.415 3.801875 5632 704
EPIC_5K_Dragon 27.65 14.58105469 5120 2700
EPIC_5K_2:1_Dragon 27.65 13.825 5120 2560
EPIC_5K_WS_Dragon 27.65 11.66484375 5120 2160
EPIC_5K_HD_Dragon 25.921875 14.58105469 4800 2700
EPIC_5K_6:5_Dragon 17.49726563 14.58105469 3240 2700
EPIC_5K_4:1_Dragon 27.65 6.9125 5120 1280
EPIC_5K_8:1_Dragon 27.65 3.45625 5120 640
EPIC_4.5K_Dragon 24.885 13.02574219 4608 2412
EPIC_4.5K_2:1_Dragon 24.885 12.4425 4608 2304
EPIC_4.5K_WS_Dragon 24.885 10.49835938 4608 1944
EPIC_4.5K_HD_Dragon 22.81125 12.83132813 4224 2376
EPIC_4.5K_3:2_Dragon 23.3296875 15.553125 4320 2880
EPIC_4.5K_4:1_Dragon 24.885 6.22125 4608 1152
EPIC_4.5K_8:1_Dragon 24.885 3.110625 4608 576
EPIC_4K_Dragon 22.12 11.66484375 4096 2160
EPIC_4K_2:1_Dragon 22.12 11.06 4096 2048
EPIC_4K_WS_Dragon 22.12 9.331875 4096 1728
EPIC_4K_HD_Dragon 20.7375 11.66484375 3840 2160
EPIC_4K_6:5_Dragon 13.9978125 11.66484375 3592 2160
EPIC_4K_3:2_Dragon 20.7375 13.825 3840 2560
EPIC_4K_4:3_Dragon 20.7375 15.553125 3840 2880
EPIC_4K_5:4_Dragon 20.7375 16.59 3840 3072
EPIC_4K_4:1_Dragon 22.12 5.53 4096 1024
EPIC_4K_8:1_Dragon 22.12 2.765 4096 512
EPIC_3.5K_Dragon 19.355 10.13113281 3584 1876
EPIC_3.5K_2:1_Dragon 19.355 9.6775 3584 1792
EPIC_3.5K_WS_Dragon 19.355 8.165390625 3584 1512
EPIC_3.5K_HD_Dragon 18.66375 10.49835938 3456 1944
EPIC_3.5K_3:2_Dragon 18.1453125 12.096875 3360 2240
EPIC_3.5K_4:3_Dragon 18.1453 13.608975 3360 2520
EPIC_3.5K_5:4_Dragon 18.1453 14.51624 3360 2688
EPIC_3.5K_4:1_Dragon 19.355 4.83875 3584 896
EPIC_3.5K_8:1_Dragon 19.355 2.419375 3584 448
EPIC_3K_Dragon 16.59 8.748632813 3072 1620
EPIC_3K_2:1_Dragon 16.59 8.295 3072 1536
EPIC_3K_WS_Dragon 16.59 6.99890625 3072 1296
EPIC_3K_HD_Dragon 15.553125 8.748632813 2880 1620
EPIC_3K_6:5_Dragon 10.49835938 8.748632813 1944 1620
EPIC_3K_3:2_Dragon 15.553 10.36866667 2880 1920
EPIC_3K_4:3_Dragon 15.553 11.66475 2880 2160
EPIC_3K_5:4_Dragon 15.553 12.4424 2880 2304
EPIC_3K_4:1_Dragon 16.59 4.1475 3072 768
EPIC_3K_8:1_Dragon 16.59 2.07375 3072 384
EPIC_2.5K_Dragon 13.825 7.236523438 2560 1340
EPIC_2.5K_2:1_Dragon 13.825 6.9125 2560 1280
EPIC_2.5K_WS_Dragon 13.825 5.832421875 2560 1080
EPIC_2.5K_HD_Dragon 12.4425 6.99890625 2304 1296
EPIC_2.5K_3:2_Dragon 12.9609375 8.640625 2400 1600
EPIC_2.5K_4:3_Dragon 12.9609 9.720675 2400 1800
EPIC_2.5K_5:4_Dragon 12.9609 10.36872 2400 1920
EPIC_2.5K_4:1_Dragon 13.825 3.45625 2560 640
EPIC_2.5K_8:1_Dragon 13.825 1.728125 2560 320
EPIC_2K_Dragon 11.06 5.832421875 2048 1080
EPIC_2K_2:1_Dragon 11.06 5.53 2048 1020
EPIC_2K_WS_Dragon 11.06 4.6659375 2048 864
EPIC_2K_HD_Dragon 10.36875 5.832421875 1920 1080
EPIC_2K_3:2_Dragon 10.36875 6.9125 1920 1280
EPIC_2K_4:3_Dragon 10.36875 7.7765625 1920 1440
EPIC_2K_5:4_Dragon 10.36875 8.295 1920 1536
EPIC_2K_6:5_Dragon 6.99890625 5.832421875 1296 1080
EPIC_2K_4:1_Dragon 11.06 2.765 2048 512
EPIC_2K_8:1_Dragon 11.06 1.3825 2048 256
#Arri
Alexa_16:9_HD_1.78 23.76 13.37 2880 1620
Alexa_16:10_HD_1.85 23.76 12.85 2880 1558
Alexa_16:11_HD_2.39 23.76 9.95 2880 1206
Alexa_16:12_HD_2.39(ANA) 15.97 13.37 1936 1620
Alexa_16:9_2K_1.78 23.66 13.30 2868 1612
Alexa_16:9_3K_1.85 23.66 12.79 2868 1550
Alexa_16:9_4K_2.39 23.66 9.90 2868 1200
Alexa_16:9_5K_2.39(ANA) 15.89 13.30 1926 1612
Alexa_XT_16:9_HD_1.78 23.76 13.37 2880 1620
Alexa_XT_16:10_HD_1.85 23.76 12.85 2880 1558
Alexa_XT_16:11_HD_2.39 23.76 9.95 2880 1206
Alexa_XT_16:12_HD_2.39(ANA) 15.97 13.37 1936 1620
Alexa_XT_16:9_2K_1.78 23.66 13.30 2868 1612
Alexa_XT_16:9_3K_1.85 23.66 12.79 2868 1550
Alexa_XT_16:9_4K_2.39 23.66 9.90 2868 1200
Alexa_XT_16:9_5K_2.39(ANA) 15.89 13.30 1926 1612
Alexa_XT_16:9_3.2K_1.78 26.10 14.67 3164 1778
Alexa_XT_16:9_3.3K_1.85 26.10 14.10 3164 1709
Alexa_XT_16:9_3.4K_2.39 26.10 14.10 3164 1709
Alexa_XT_16:9_3.5K_2.39(ANA) 17.52 14.67 2124 1778
Alexa_XT_4:3_Full_1.33 23.66 17.74 2868 2150
Alexa_XT_4:4_Full_1.78 23.66 13.30 2868 1612
Alexa_XT_4:5_Full_1.85 23.66 12.79 2868 1550
Alexa_XT_4:6_Full_2.39 23.66 9.90 2868 1200
Alexa_XT_4:7_Full_2.39(ANA) 21.20 17.74 2570 2150
Alexa_XT_4:3_Cropped_2.39(ANA) 21.27 17.82 2578 2160
Alexa_XT_Open_Gate_1.55 28.17 18.13 3414 2198
Alexa_XT_Open_Gate_1.78 28.17 15.82 3414 1918
Alexa_XT_Open_Gate_1.85 28.17 15.23 3414 1846
Alexa_XT_Open_Gate_2.39 28.17 11.78 3414 1428
Alexa_XT_Open_Gate_2.39(ANA) 21.66 18.13 2626 2198
Alexa_XT_plus_16:9_HD_1.78 23.76 13.37 2880 1620
Alexa_XT_plus_16:10_HD_1.85 23.76 12.85 2880 1558
Alexa_XT_plus_16:11_HD_2.39 23.76 9.95 2880 1206
Alexa_XT_plus_16:12_HD_2.39(ANA) 15.97 13.37 1936 1620
Alexa_XT_plus_16:9_2K_1.78 23.66 13.30 2868 1612
Alexa_XT_plus_16:9_3K_1.85 23.66 12.79 2868 1550
Alexa_XT_plus_16:9_4K_2.39 23.66 9.90 2868 1200
Alexa_XT_plus_16:9_5K_2.39(ANA) 15.89 13.30 1926 1612
Alexa_XT_plus_16:9_3.2K_1.78 26.10 14.67 3164 1778
Alexa_XT_plus_16:9_3.3K_1.85 26.10 14.10 3164 1709
Alexa_XT_plus_16:9_3.4K_2.39 26.10 14.10 3164 1709
Alexa_XT_plus_16:9_3.5K_2.39(ANA) 17.52 14.67 2124 1778
Alexa_XT_plus_4:3_Full_1.33 23.66 17.74 2868 2150
Alexa_XT_plus_4:4_Full_1.78 23.66 13.30 2868 1612
Alexa_XT_plus_4:5_Full_1.85 23.66 12.79 2868 1550
Alexa_XT_plus_4:6_Full_2.39 23.66 9.90 2868 1200
Alexa_XT_plus_4:7_Full_2.39(ANA) 21.20 17.74 2570 2150
Alexa_XT_plus_4:3_Cropped_2.39(ANA) 21.27 17.82 2578 2160
Alexa_XT_plus_Open_Gate_1.55 28.17 18.13 3414 2198
Alexa_XT_plus_Open_Gate_1.78 28.17 15.82 3414 1918
Alexa_XT_plus_Open_Gate_1.85 28.17 15.23 3414 1846
Alexa_XT_plus_Open_Gate_2.39 28.17 11.78 3414 1428
Alexa_XT_plus_Open_Gate_2.39(ANA) 21.66 18.13 2626 2198
Alexa_XT_M_16:9_HD_1.78 23.76 13.37 2880 1620
Alexa_XT_M_16:10_HD_1.85 23.76 12.85 2880 1558
Alexa_XT_M_16:11_HD_2.39 23.76 9.95 2880 1206
Alexa_XT_M_16:12_HD_2.39(ANA) 15.97 13.37 1936 1620
Alexa_XT_M_16:9_2K_1.78 23.66 13.30 2868 1612
Alexa_XT_M_16:9_3K_1.85 23.66 12.79 2868 1550
Alexa_XT_M_16:9_4K_2.39 23.66 9.90 2868 1200
Alexa_XT_M_16:9_5K_2.39(ANA) 15.89 13.30 1926 1612
Alexa_XT_M_16:9_3.2K_1.78 26.10 14.67 3164 1778
Alexa_XT_M_16:9_3.3K_1.85 26.10 14.10 3164 1709
Alexa_XT_M_16:9_3.4K_2.39 26.10 14.10 3164 1709
Alexa_XT_M_16:9_3.5K_2.39(ANA) 17.52 14.67 2124 1778
Alexa_XT_M_4:3_Full_1.33 23.66 17.74 2868 2150
Alexa_XT_M_4:4_Full_1.78 23.66 13.30 2868 1612
Alexa_XT_M_4:5_Full_1.85 23.66 12.79 2868 1550
Alexa_XT_M_4:6_Full_2.39 23.66 9.90 2868 1200
Alexa_XT_M_4:7_Full_2.39(ANA) 21.20 17.74 2570 2150
Alexa_XT_M_4:3_Cropped_2.39(ANA) 21.27 17.82 2578 2160
Alexa_XT_M_Open_Gate_1.55 28.17 18.13 3414 2198
Alexa_XT_M_Open_Gate_1.78 28.17 15.82 3414 1918
Alexa_XT_M_Open_Gate_1.85 28.17 15.23 3414 1846
Alexa_XT_M_Open_Gate_2.39 28.17 11.78 3414 1428
Alexa_XT_M_Open_Gate_2.39(ANA) 21.66 18.13 2626 2198
Alexa_XT_Studio_16:9_HD_1.78 23.76 13.37 2880 1620
Alexa_XT_Studio_16:10_HD_1.85 23.76 12.85 2880 1558
Alexa_XT_Studio_16:11_HD_2.39 23.76 9.95 2880 1206
Alexa_XT_Studio_16:12_HD_2.39(ANA) 15.97 13.37 1936 1620
Alexa_XT_Studio_16:9_2K_1.78 23.66 13.30 2868 1612
Alexa_XT_Studio_16:9_3K_1.85 23.66 12.79 2868 1550
Alexa_XT_Studio_16:9_4K_2.39 23.66 9.90 2868 1200
Alexa_XT_Studio_16:9_5K_2.39(ANA) 15.89 13.30 1926 1612
Alexa_XT_Studio_16:9_3.2K_1.78 26.10 14.67 3164 1778
Alexa_XT_Studio_16:9_3.3K_1.85 26.10 14.10 3164 1709
Alexa_XT_Studio_16:9_3.4K_2.39 26.10 14.10 3164 1709
Alexa_XT_Studio_16:9_3.5K_2.39(ANA) 17.52 14.67 2124 1778
Alexa_XT_Studio_4:3_Full_1.33 23.66 17.74 2868 2150
Alexa_XT_Studio_4:4_Full_1.78 23.66 13.30 2868 1612
Alexa_XT_Studio_4:5_Full_1.85 23.66 12.79 2868 1550
Alexa_XT_Studio_4:6_Full_2.39 23.66 9.90 2868 1200
Alexa_XT_Studio_4:7_Full_2.39(ANA) 21.20 17.74 2570 2150
Alexa_XT_Studio_4:3_Cropped_2.39(ANA) 21.27 17.82 2578 2160
Alexa_XT_Studio_Open_Gate_1.55 28.17 18.13 3414 2198
Alexa_XT_Studio_Open_Gate_1.78 28.17 15.82 3414 1918
Alexa_XT_Studio_Open_Gate_1.85 28.17 15.23 3414 1846
Alexa_XT_Studio_Open_Gate_2.39 28.17 11.78 3414 1428
Alexa_XT_Studio_Open_Gate_2.39(ANA) 21.66 18.13 2626 2198